bin1	bin2	out.mean
1	2	255.090354022988
1	3	350.392062895928
1	4	386.200492156863
1	5	435.31065952381
1	6	404.467795175439
1	7	411.161917628205
1	8	394.729850184502
1	9	411.994108333333
1	10	428.008075328947
1	11	442.823113821138
1	12	441.814364750958
1	13	457.174339705882
1	14	458.556544326241
1	15	450.502850537634
1	16	452.173631692308
1	17	447.051388122605
1	18	455.291957615894
1	19	445.06071
1	20	477.164427734375
1	21	463.522059863946
1	22	459.652762816901
1	23	486.490947509579
1	24	466.653009747292
1	25	465.840436445783
1	26	455.487741914191
1	27	457.205420062696
1	28	442.517129385965
1	29	438.452743076923
1	30	439.84409454023
1	31	411.649452529183
1	32	404.007455033557
1	33	426.390175815217
1	34	434.801415679443
1	35	448.97120623053
1	36	441.482979733333
1	37	447.617986195286
1	38	433.618433015873
1	39	456.098254061625
1	40	437.543131205674
1	41	430.074220348837
2	3	268.146314975845
2	4	359.263365217391
2	5	367.690932142857
2	6	364.043272340426
2	7	392.848227272727
2	8	376.224774774775
2	9	391.663116908213
2	10	400.210351898734
2	11	417.677388383838
2	12	444.294805069124
2	13	447.271132600733
2	14	437.066925321888
2	15	424.574566810345
2	16	445.06744745098
2	17	425.4615375
2	18	437.649134166667
2	19	436.827268309859
2	20	440.839725961538
2	21	445.166197468354
2	22	443.166439426523
2	23	441.34467952381
2	24	431.264543835616
2	25	426.245872284644
2	26	412.604077366255
2	27	430.3912308
2	28	434.479611827957
2	29	419.653862019231
2	30	420.623976071429
2	31	390.869789686099
2	32	389.209883665339
2	33	406.123938869258
2	34	409.185864224138
2	35	419.66138247012
2	36	425.625412837838
2	37	419.877095634921
2	38	415.231785606061
2	39	421.705672569444
2	40	393.824475
2	41	420.180836131387
3	4	262.854968
3	5	337.447925
3	6	328.413379661017
3	7	398.806188986784
3	8	388.415134653465
3	9	390.008254455446
3	10	394.244049773756
3	11	420.598132984293
3	12	423.651145454545
3	13	427.427418367347
3	14	435.230634259259
3	15	419.181973732719
3	16	417.852237662338
3	17	439.489383854167
3	18	421.726785779817
3	19	420.785993023256
3	20	443.533537566138
3	21	433.909052534562
3	22	434.829498859316
3	23	448.71414673913
3	24	447.574368269231
3	25	439.972961811024
3	26	439.433322321429
3	27	422.873086206897
3	28	419.479145283019
3	29	404.514853623188
3	30	402.24248778626
3	31	384.41021443299
3	32	380.895144491525
3	33	405.031063117871
3	34	395.687692592593
3	35	408.011450207469
3	36	407.122244525547
3	37	408.815034482759
3	38	417.577489243028
3	39	419.548716236162
3	40	407.793876303318
3	41	416.628896370968
4	5	275.36615045045
4	6	318.326557971014
4	7	354.300686861314
4	8	362.758220416667
4	9	379.118044690265
4	10	381.803915328467
4	11	409.357192307692
4	12	414.711964529915
4	13	427.514910967742
4	14	436.88027944664
4	15	417.508819615385
4	16	432.541890311419
4	17	429.270307423581
4	18	414.549765503876
4	19	411.910070607029
4	20	444.843102654867
4	21	421.33168515625
4	22	437.99802375
4	23	455.801695964126
4	24	446.738642570281
4	25	448.757805351171
4	26	427.382686988848
4	27	440.387340780142
4	28	438.724697382199
4	29	423.314341666667
4	30	397.538163754045
4	31	393.485375319149
4	32	392.076480727273
4	33	402.687644272446
4	34	401.5805264
4	35	416.130438351254
4	36	410.471695151515
4	37	421.143933457249
4	38	414.238408571429
4	39	414.11459556962
4	40	425.339938554217
4	41	432.041763036304
5	6	253.130571153846
5	7	337.309748695652
5	8	360.217293333333
5	9	357.648141798942
5	10	399.307972272727
5	11	430.501870949721
5	12	428.63684973822
5	13	426.2654348659
5	14	424.365218932039
5	15	436.564685116279
5	16	429.133175949367
5	17	418.879786432161
5	18	410.0526375
5	19	428.169535793358
5	20	440.412806417112
5	21	433.583124766355
5	22	435.655690038314
5	23	439.365469060773
5	24	434.23633546798
5	25	445.719242510121
5	26	426.483401345291
5	27	422.607571428571
5	28	398.745545625
5	29	433.329478061225
5	30	413.902648062015
5	31	392.052140816327
5	32	393.719343668122
5	33	412.804418450185
5	34	406.725615277778
5	35	414.824447478992
5	36	426.993895238095
5	37	428.998649557522
5	38	418.486233057851
5	39	424.876910071942
5	40	428.564400458716
5	41	429.1779468
6	7	242.292006985294
6	8	320.879236986301
6	9	299.90056076555
6	10	340.380407024793
6	11	381.142431034483
6	12	382.03257716895
6	13	391.874642599278
6	14	392.321086877828
6	15	384.178671179039
6	16	399.351259414226
6	17	391.207319323671
6	18	380.358570168067
6	19	396.682130633803
6	20	417.530050236967
6	21	391.687705882353
6	22	390.537233680556
6	23	411.756489690722
6	24	382.625710176991
6	25	409.302016788321
6	26	392.842165098039
6	27	393.662794941634
6	28	386.119061016949
6	29	387.822727962085
6	30	383.965465942029
6	31	365.049468867925
6	32	353.002281012658
6	33	374.772121875
6	34	384.192830973451
6	35	377.429522529644
6	36	387.465174048443
6	37	394.111623387097
6	38	381.594202281369
6	39	403.783980276817
6	40	387.706273275862
6	41	396.124763868613
7	8	248.345508588957
7	9	308.969909589041
7	10	335.785586322188
7	11	382.02591
7	12	391.717843835616
7	13	390.740008333333
7	14	393.077728846154
7	15	404.75080529595
7	16	395.411843839542
7	17	392.529336860068
7	18	390.536509393939
7	19	396.851016497462
7	20	430.642362199313
7	21	427.169776646707
7	22	394.98864292804
7	23	423.126555871886
7	24	400.298156270096
7	25	403.401114092141
7	26	413.113176246334
7	27	402.062703921569
7	28	408.2036956
7	29	397.863154576271
7	30	374.086219899244
7	31	370.994950519031
7	32	367.185560120846
7	33	370.33343225
7	34	389.52771372549
7	35	403.754502325581
7	36	389.53378626506
7	37	391.140206097561
7	38	389.338671590909
7	39	401.616161809045
7	40	395.579568831169
7	41	408.856140104167
8	9	209.690513422819
8	10	330.821192281879
8	11	350.919066796875
8	12	349.798851838235
8	13	363.514885459941
8	14	363.094572727273
8	15	369.605671232877
8	16	373.909102866242
8	17	363.930370119522
8	18	354.888704152249
8	19	362.278512931034
8	20	384.50963540856
8	21	388.341134628975
8	22	372.101720963173
8	23	378.345913043478
8	24	372.436956834532
8	25	382.411613230769
8	26	383.292980689655
8	27	375.105489905363
8	28	367.987194090909
8	29	364.566824719101
8	30	350.735523121387
8	31	349.190121969697
8	32	332.356228338762
8	33	357.998895810056
8	34	354.516883274021
8	35	368.302266229508
8	36	375.305663143631
8	37	364.360239189189
8	38	361.739916825397
8	39	381.040532
8	40	348.967137010676
8	41	368.966710479042
9	10	292.93126552901
9	11	343.833670168067
9	12	324.641935361217
9	13	358.690585173502
9	14	367.745124313726
9	15	357.424592579505
9	16	373.20499375
9	17	385.287190833333
9	18	356.306457692308
9	19	373.054708841463
9	20	388.118232377049
9	21	354.269407067138
9	22	356.143902108434
9	23	387.586157740586
9	24	357.691811895911
9	25	381.832633887043
9	26	360.545441696113
9	27	381.363043928571
9	28	370.424084285714
9	29	357.963165873016
9	30	351.545102153846
9	31	346.894186206897
9	32	328.065170671378
9	33	347.78943141994
9	34	361.130975
9	35	370.762294684385
9	36	376.941994236311
9	37	372.631648363636
9	38	365.036418481848
9	39	391.187185321101
9	40	363.006880384615
9	41	369.120839677419
10	11	242.305080689655
10	12	316.151602912621
10	13	316.609136243386
10	14	350.499027361563
10	15	348.075391054313
10	16	338.494446153846
10	17	354.180894520548
10	18	352.0222625387
10	19	344.389623273657
10	20	378.035427017544
10	21	366.352578996865
10	22	343.835342783505
10	23	374.945268265683
10	24	343.881501346801
10	25	355.934897478992
10	26	347.438983231707
10	27	346.466362931034
10	28	363.065383196721
10	29	348.7622
10	30	327.535500526316
10	31	321.387151929825
10	32	311.737409259259
10	33	314.713827959698
10	34	339.271601689189
10	35	358.105654005935
10	36	339.85950691358
10	37	367.330864797508
10	38	373.429772727273
10	39	375.763553524804
10	40	371.039455374593
10	41	375.542641416894
11	12	217.793897909408
11	13	306.4686371875
11	14	294.94977962963
11	15	306.489272058824
11	16	337.492371768707
11	17	341.638492622951
11	18	342.301848863636
11	19	350.14200212766
11	20	351.565958823529
11	21	360.34302103321
11	22	349.521970030581
11	23	364.435682905983
11	24	336.822194094488
11	25	354.326459868421
11	26	363.9859609319
11	27	344.143778819444
11	28	354.10746453202
11	29	348.520466806723
11	30	347.085930981595
11	31	320.56602016129
11	32	313.036094584838
11	33	342.313058966565
11	34	336.104572200772
11	35	356.574423928571
11	36	358.160534402332
11	37	353.745294623656
11	38	368.005977508651
11	39	380.930184493671
11	40	357.945687937743
11	41	374.616117532468
12	13	254.585189196676
12	14	304.659645733788
12	15	267.616815181518
12	16	318.630140880503
12	17	342.724034615385
12	18	321.771637716263
12	19	339.670290730337
12	20	347.940827165354
12	21	336.863898634812
12	22	350.104816905444
12	23	363.4635316
12	24	319.807130107527
12	25	355.664345259939
12	26	333.895218566775
12	27	333.25211516129
12	28	343.656372444444
12	29	333.579734686347
12	30	336.857020467836
12	31	318.060540148699
12	32	309.337445512821
12	33	340.567327624309
12	34	354.335454014599
12	35	346.290458095238
12	36	373.002826809651
12	37	385.266324414716
12	38	368.665868535826
12	39	380.620574561403
12	40	370.753583636364
12	41	380.043876539589
13	14	247.630587733333
13	15	297.915774054054
13	16	293.585396912114
13	17	340.713226461538
13	18	346.661849326146
13	19	339.327868351648
13	20	366.521624770642
13	21	360.877897574124
13	22	342.212317439294
13	23	371.307014790997
13	24	361.816510204082
13	25	366.500847319347
13	26	351.653356498674
13	27	348.147587437186
13	28	362.266826523297
13	29	366.307686268657
13	30	341.967284035477
13	31	321.354590740741
13	32	330.442567546174
13	33	336.339560606061
13	34	360.397611079545
13	35	371.895747848101
13	36	355.255364767932
13	37	388.540698153034
13	38	386.292168434343
13	39	387.586715646258
13	40	397.062614164306
13	41	393.413309389671
14	15	225.601280538922
14	16	295.544407492795
14	17	286.731446341463
14	18	314.602679288026
14	19	343.1281096
14	20	350.424409266409
14	21	339.906355518395
14	22	333.7485625
14	23	331.488522641509
14	24	348.251736713287
14	25	359.495900864553
14	26	336.145852978056
14	27	337.817349096386
14	28	340.35545720339
14	29	346.150634642857
14	30	326.067780978261
14	31	301.625737366548
14	32	314.173401941748
14	33	332.547085826772
14	34	349.96837883959
14	35	360.945394720497
14	36	367.233066149871
14	37	388.246727531646
14	38	370.03599408284
14	39	389.572015616438
14	40	379.016809459459
14	41	380.818134011628
15	16	258.581869252078
15	17	290.556672093023
15	18	265.161154380665
15	19	335.200658505155
15	20	351.298239857651
15	21	323.420406940063
15	22	334.239620789474
15	23	348.542405681818
15	24	339.021059136213
15	25	370.96202032967
15	26	345.239873619632
15	27	340.608260294118
15	28	343.568390513834
15	29	336.231780936455
15	30	336.226072479564
15	31	310.929661428571
15	32	321.640967592593
15	33	335.648282474227
15	34	350.299262751678
15	35	345.62645872093
15	36	372.298940806045
15	37	375.719467507886
15	38	367.736897101449
15	39	379.028034042553
15	40	371.72250852459
15	41	383.877632417582
16	17	254.687447305389
16	18	305.880216480447
16	19	321.273024941176
16	20	357.063543377483
16	21	346.796226271186
16	22	327.956834106729
16	23	365.124551948052
16	24	366.559722796353
16	25	371.425032432432
16	26	362.099037777778
16	27	348.115954473684
16	28	370.643548275862
16	29	369.254283492064
16	30	353.346130024213
16	31	332.5101625
16	32	334.411422099448
16	33	337.140631590909
16	34	373.272376047904
16	35	372.809257452575
16	36	362.772028794643
16	37	389.165474855491
16	38	388.154845844504
16	39	383.504672921615
16	40	395.673844548287
16	41	408.915606030151
17	18	219.008030065359
17	19	299.715125925926
17	20	345.691879457364
17	21	324.711215862069
17	22	329.952783861671
17	23	348.67896988417
17	24	340.328325362319
17	25	370.239047352025
17	26	368.321898657718
17	27	356.17057147541
17	28	364.991181339713
17	29	335.354120075758
17	30	341.654661111111
17	31	343.472191472868
17	32	328.450868707483
17	33	334.516915536723
17	34	328.540534926471
17	35	355.069245608108
17	36	363.63432568306
17	37	382.489125694444
17	38	379.624698333333
17	39	385.929845994065
17	40	381.967363043478
17	41	398.498010240964
18	19	263.509382828283
18	20	328.540136428571
18	21	304.04830990991
18	22	341.652990745501
18	23	367.21787761194
18	24	327.996672402597
18	25	353.790596961326
18	26	355.614635294118
18	27	345.397094117647
18	28	340.227264777328
18	29	320.467485034014
18	30	343.124352910053
18	31	345.506096428571
18	32	329.493703058104
18	33	328.734314728682
18	34	353.710784262295
18	35	345.306730882353
18	36	379.558397761194
18	37	386.161551582278
18	38	368.322559050445
18	39	383.989541450777
18	40	393.178506930693
18	41	379.471927913279
19	20	246.029070798898
19	21	299.007840201005
19	22	317.274803601695
19	23	357.829971345029
19	24	331.801067493113
19	25	349.543301123595
19	26	366.881825879397
19	27	342.340655714286
19	28	370.630190034364
19	29	341.642891142857
19	30	341.218474509804
19	31	352.342771884058
19	32	343.107314609572
19	33	337.603286582809
19	34	373.335165013774
19	35	371.139565525672
19	36	368.755407692308
19	37	393.557588888889
19	38	375.797327250608
19	39	374.284717446808
19	40	388.477349861496
19	41	393.961018367347
20	21	250.292037383178
20	22	330.892476790831
20	23	346.168550793651
20	24	325.867741851852
20	25	374.365532515337
20	26	369.184297966102
20	27	360.685466666667
20	28	362.297015813953
20	29	344.769850574713
20	30	372.810710089021
20	31	331.708582101167
20	32	344.277858596491
20	33	356.825668035191
20	34	356.030961509434
20	35	387.53523812709
20	36	400.760461126761
20	37	398.613657342657
20	38	401.868190365449
20	39	395.050418318318
20	40	388.723517175573
20	41	403.81384537037
21	22	251.679980798005
21	23	315.801685121107
21	24	280.640154545455
21	25	353.209458981233
21	26	329.140267065868
21	27	327.067411714286
21	28	350.600401632653
21	29	331.102630463576
21	30	341.48761984127
21	31	334.128852631579
21	32	313.096906079027
21	33	352.158288916877
21	34	356.372440196078
21	35	366.528266096866
21	36	380.372659213759
21	37	388.627396594427
21	38	365.4473825
21	39	381.281921818182
21	40	393.122484918033
21	41	390.109454450262
22	23	230.542623163842
22	24	293.027754736842
22	25	334.910045089286
22	26	338.640936699507
22	27	328.93466563981
22	28	346.668435714286
22	29	348.214345152355
22	30	337.912015317287
22	31	331.413338416422
22	32	328.79127913486
22	33	329.413708659794
22	34	349.971202445652
22	35	370.048288395062
22	36	355.671674233129
22	37	374.997623604061
22	38	382.240443028846
22	39	371.585560606061
22	40	388.692277197802
22	41	394.789677455357
23	24	221.632567880795
23	25	331.634546687697
23	26	327.284063945578
23	27	332.075969871795
23	28	322.37404516129
23	29	343.851355390335
23	30	352.336039104478
23	31	331.505112403101
23	32	322.674834628975
23	33	347.180850434783
23	34	340.441208058608
23	35	357.2359375
23	36	365.217581303116
23	37	371.499057608696
23	38	374.88321147541
23	39	396.140761261261
23	40	386.67576254417
23	41	395.912750931677
24	25	271.126205882353
24	26	291.450783742331
24	27	306.926947878788
24	28	328.405951239669
24	29	321.206758503401
24	30	324.333651933702
24	31	326.863740808824
24	32	310.864903761755
24	33	339.026794255875
24	34	340.958006418919
24	35	335.087708411215
24	36	351.29044
24	37	367.043745276873
24	38	368.819110843373
24	39	379.988811924119
24	40	389.874345928339
24	41	382.291477932961
25	26	326.356406958763
25	27	314.368305050505
25	28	369.698472693727
25	29	357.605379341317
25	30	333.250260640732
25	31	345.576823824451
25	32	338.185160695187
25	33	338.067988418708
25	34	350.306269911504
25	35	369.26485408971
25	36	365.907411597374
25	37	389.996123013699
25	38	391.548270649351
25	39	383.713652173913
25	40	397.69971026393
25	41	412.413482619048
26	27	259.891348429319
26	28	314.192898854962
26	29	291.704657680251
26	30	330.611126992288
26	31	328.07956609589
26	32	309.848339465875
26	33	340.223950717703
26	34	358.044971604938
26	35	347.991686072423
26	36	370.497008571429
26	37	384.159382080925
26	38	374.032674663073
26	39	399.211049376559
26	40	387.621662857143
26	41	393.080066494845
27	28	251.268996864112
27	29	294.942242073171
27	30	312.904925728155
27	31	325.82465
27	32	309.380958725762
27	33	323.622184633028
27	34	356.685619402985
27	35	369.176571925134
27	36	357.079002941176
27	37	380.633835142857
27	38	383.841553645833
27	39	377.642503809524
27	40	377.605307902736
27	41	396.235682425743
28	29	237.067554372624
28	30	314.937272222222
28	31	289.117181981982
28	32	289.559575294118
28	33	331.874136544851
28	34	316.138499148936
28	35	336.074269803922
28	36	352.474564705882
28	37	349.218026294821
28	38	364.84830719697
28	39	384.783233447099
28	40	356.071218061674
28	41	383.288435106383
29	30	243.373366850829
29	31	273.09167189781
29	32	239.895191222571
29	33	319.022042547425
29	34	335.053252961672
29	35	320.115298181818
29	36	357.931789361702
29	37	358.180442996743
29	38	350.904055900621
29	39	389.925126685393
29	40	374.315350883392
29	41	357.022682215743
30	31	229.480914917127
30	32	281.230984303797
30	33	302.046020042194
30	34	339.350157063712
30	35	341.779630617284
30	36	339.777701840491
30	37	367.026725587467
30	38	371.38119278607
30	39	370.706736147186
30	40	368.042281818182
30	41	363.276460839161
31	32	210.896769875776
31	33	282.6491125
31	34	277.563694160584
31	35	300.415113355049
31	36	336.148347645429
31	37	315.837591319444
31	38	332.718010645161
31	39	359.890540401146
31	40	337.848376978417
31	41	346.162552583587
32	33	250.291550363196
32	34	284.813171692308
32	35	269.254357534247
32	36	314.901720863309
32	37	320.725497575758
32	38	300.212262674095
32	39	351.281357605985
32	40	333.187142038217
32	41	327.888175888325
33	34	231.05809974359
33	35	303.824417647059
33	36	311.631896055227
33	37	344.673149753695
33	38	342.896144600939
33	39	345.37216375
33	40	344.228437801609
33	41	354.070905010893
34	35	239.327594475138
34	36	324.61518025641
34	37	321.232785626911
34	38	333.777868035191
34	39	349.369327704485
34	40	308.54260890411
34	41	347.955067042254
35	36	285.777521867882
35	37	315.264134375
35	38	291.156232637076
35	39	363.406665853659
35	40	348.197836
35	41	349.06320591133
36	37	283.351506280193
36	38	331.369806935123
36	39	363.234447878788
36	40	366.545268571429
36	41	373.308267157895
37	38	237.424943799472
37	39	327.506232493703
37	40	317.019874382716
37	41	341.153685333333
38	39	291.090594626168
38	40	308.246986445783
38	41	318.221716502463
39	40	255.624410732984
39	41	336.2749453125
40	41	255.240977748691
