chr1	x1	x2	chr2	y1	y2	bin1	bin2	Case	Ctrl	Tstat	Pvalue	Ctrl.ll	Ctrl.h	Ctrl.v	FDR
3	34651078	34656078	3	34751078	34756078	11	31	279.200642081448	363.299779792432	-7.19052447171368	7.3566903168569e-12	337.400197730858	342.832637097887	345.315266522549	1.47133806337138e-10
3	34646078	34651078	3	34776078	34781078	10	36	301.315216230367	364.623343609298	-6.39691731050603	3.83504637724074e-10	340.077595635176	338.426099566656	357.322134050967	6.28947605867481e-09
3	34646078	34651078	3	34761078	34766078	10	33	304.424657853403	366.91534095842	-6.25789170389077	8.92580237671971e-10	344.641683500829	343.831522264707	350.219521604513	1.35539962016855e-08
3	34646078	34651078	3	34756078	34761078	10	32	303.863001360544	365.728182489097	-5.38745250441842	1.34410230325531e-07	343.025463822045	340.757569034348	342.795608896993	1.64502072935725e-06
3	34651078	34656078	3	34766078	34771078	11	34	307.774988095238	366.543221984563	-4.95710904729015	1.22484136427816e-06	342.446769841875	343.652268957926	351.899382567155	1.14132945307738e-05
3	34646078	34651078	3	34751078	34756078	10	31	306.736692910448	364.174655413667	-4.8773313158214	1.7333476545352e-06	341.745241072328	338.500798718629	342.118991436554	1.5792723074654e-05
3	34641078	34646078	3	34776078	34781078	9	36	316.245568436578	365.461387317335	-4.7634629610521	2.63537068300291e-06	340.380191468076	348.410500357441	357.302262546451	2.16287497316235e-05
3	34651078	34656078	3	34756078	34761078	11	32	310.325175502008	364.566722878634	-4.79166184338893	2.6640289303585e-06	339.029744712596	344.60856909253	345.068664281118	2.16287497316235e-05
3	34651078	34656078	3	34776078	34781078	11	36	311.8558675	364.02922912099	-4.76979036480149	2.64287994917085e-06	340.883282650417	331.402734361383	357.441218697762	2.16287497316235e-05
3	34656078	34661078	3	34761078	34766078	12	33	313.840039275766	362.213327183295	-4.68452767847412	3.78375115139877e-06	339.242077243641	355.342702552393	348.776140934363	2.92705277749717e-05
3	34656078	34661078	3	34756078	34761078	12	32	310.145497491039	360.94901244054	-4.54478038234269	7.79660199807056e-06	335.806403687487	356.793926424488	343.122005000357	5.53151789406066e-05
3	34646078	34651078	3	34746078	34751078	10	30	312.643777839335	361.564441325708	-4.45954981934989	1.05458447649179e-05	341.203598096577	335.356005895787	358.773620358909	7.14677083242367e-05
3	34651078	34656078	3	34761078	34766078	11	33	317.123646153846	366.110427296873	-4.38953571988243	1.49404199093438e-05	342.935937310066	344.739371553707	352.229376879192	9.49701110516429e-05
3	34646078	34651078	3	34766078	34771078	10	34	317.464243333333	367.299694983573	-4.33185452770663	1.93853474906521e-05	342.794155952476	345.269678547384	353.19237965949	0.000121343396506372
3	34656078	34661078	3	34776078	34781078	12	36	317.187596089385	360.142555008894	-4.21858602067464	3.0004334951959e-05	339.505902133104	342.007184669344	351.729101932029	0.000179587990223404
3	34636078	34641078	3	34751078	34756078	8	31	315.628268679245	365.843341184142	-4.21855330312273	3.24562491624692e-05	347.281879444514	353.195323771205	336.145063619027	0.000191468520239027
3	34636078	34641078	3	34766078	34771078	8	34	324.888896141479	368.383766478635	-4.06906290659676	5.75240676070377e-05	344.068585694785	363.764536181493	352.996904876697	0.000314464902918473
