bin1	bin2	out.mean
1	2	230.010172
1	3	333.039886772487
1	4	355.515244537815
1	5	356.091832240437
1	6	370.677889915966
1	7	382.565861038961
1	8	381.321327915194
1	9	387.84677578125
1	10	399.081473144876
1	11	419.801862222222
1	12	419.337765037594
1	13	437.638691331269
1	14	426.285682130584
1	15	421.680861886792
1	16	421.838537694704
1	17	411.962804508197
1	18	415.450750352113
1	19	424.135388034188
1	20	441.995350592885
1	21	447.081149612403
1	22	419.399384876543
1	23	430.414332420091
1	24	442.211142510121
1	25	424.324264189189
1	26	422.484546405229
1	27	404.897531230284
1	28	403.034521097046
1	29	407.848238431373
1	30	397.175152941176
1	31	390.578439525692
1	32	395.974298555957
1	33	403.443196875
1	34	394.107776534296
1	35	387.243315217391
1	36	397.650221448468
1	37	394.793607638889
1	38	395.570196569921
1	39	401.012320718232
1	40	397.522125266904
1	41	411.171761337209
2	3	250.827061111111
2	4	340.370364622641
2	5	323.45977987013
2	6	354.792716931217
2	7	380.471389453125
2	8	355.878529032258
2	9	375.312959907834
2	10	388.147327777778
2	11	391.179699516908
2	12	405.033711158798
2	13	416.360732269504
2	14	394.67867164751
2	15	394.311927234043
2	16	393.327573333333
2	17	398.949864467005
2	18	411.857059030837
2	19	407.721702721088
2	20	410.45279138756
2	21	408.653666216216
2	22	415.449722344322
2	23	423.173434391534
2	24	426.645511764706
2	25	414.565853543307
2	26	403.948798106061
2	27	416.44433800738
2	28	382.852963316583
2	29	389.795174056604
2	30	413.644338078292
2	31	381.030748292683
2	32	383.499621238938
2	33	389.218244482759
2	34	387.953396035242
2	35	390.145164732143
2	36	386.872822483221
2	37	386.845597983871
2	38	379.999244303797
2	39	392.460310927152
2	40	369.783547478992
2	41	401.323360416667
3	4	255.455175621891
3	5	318.543064615385
3	6	320.173049685535
3	7	367.430306730769
3	8	361.059267821782
3	9	350.504519774011
3	10	379.136681521739
3	11	385.044798076923
3	12	382.95458839779
3	13	408.011200454545
3	14	394.12432961165
3	15	378.438987830688
3	16	383.294777464789
3	17	409.801210493827
3	18	392.306661256544
3	19	395.034508733624
3	20	404.977353658537
3	21	392.83400877193
3	22	391.955109389671
3	23	408.474068211921
3	24	396.882154913295
3	25	395.699922277228
3	26	373.932799069767
3	27	409.606578703704
3	28	385.320005031447
3	29	381.461161666667
3	30	410.725279545455
3	31	374.704381065089
3	32	365.44637253886
3	33	379.471757692308
3	34	377.404348691099
3	35	372.464912953368
3	36	379.219121645022
3	37	390.0996328125
3	38	357.698455335968
3	39	376.740182113821
3	40	355.09999375
3	41	386.26374661017
4	5	253.900400515464
4	6	342.381957819905
4	7	370.780393594306
4	8	366.43711954023
4	9	375.512599134199
4	10	366.53143755102
4	11	405.942562135922
4	12	401.774622270742
4	13	402.84221875
4	14	422.853303831418
4	15	417.7118825
4	16	412.970692086331
4	17	427.564035576923
4	18	420.831219421488
4	19	413.247237620579
4	20	397.246594545455
4	21	412.211638666667
4	22	409.02426101083
4	23	406.154210416667
4	24	419.402522897196
4	25	402.860524528302
4	26	397.666166666667
4	27	405.93785
4	28	384.921400961538
4	29	402.168174889868
4	30	404.965568989547
4	31	389.732572115385
4	32	378.999178661088
4	33	378.78862
4	34	381.098050607287
4	35	365.539667213115
4	36	390.669961736334
4	37	385.340341897233
4	38	371.584535119048
4	39	382.320911692308
4	40	375.775313688213
4	41	400.582612337662
5	6	264.743393582888
5	7	344.886451152074
5	8	323.872791542289
5	9	330.395621022727
5	10	347.665659390863
5	11	380.002325153374
5	12	374.504035519126
5	13	382.144368609865
5	14	379.393183009709
5	15	393.4816
5	16	392.417668867925
5	17	404.383545679012
5	18	393.014050802139
5	19	386.840521794872
5	20	401.061551412429
5	21	393.935834659091
5	22	401.664659545455
5	23	393.673041509434
5	24	392.651356363636
5	25	396.680893434343
5	26	369.735278846154
5	27	391.65562706422
5	28	363.785334337349
5	29	386.506526775956
5	30	379.118236842105
5	31	360.414787283237
5	32	359.450908241758
5	33	376.1971406639
5	34	358.337175879397
5	35	361.430293034826
5	36	357.430649166667
5	37	358.9885625
5	38	346.178414566929
5	39	373.522541434263
5	40	357.867902912621
5	41	381.342847916667
6	7	233.922889250814
6	8	299.514241992883
6	9	290.521284758364
6	10	338.811938846154
6	11	369.207416425121
6	12	383.186085833333
6	13	401.895206484642
6	14	391.842030534351
6	15	355.894268312757
6	16	373.774825773196
6	17	400.315551428571
6	18	365.297876422764
6	19	371.720058842444
6	20	397.990383928571
6	21	375.504508119658
6	22	371.969111034483
6	23	384.522678403756
6	24	393.896902222222
6	25	401.456905185185
6	26	368.626517985611
6	27	393.75860899654
6	28	365.834091189427
6	29	363.402924267782
6	30	371.503482958199
6	31	356.327723744292
6	32	354.366643032787
6	33	365.058457366771
6	34	351.278625396825
6	35	346.881903265306
6	36	357.105389473684
6	37	366.131512890625
6	38	344.253703812317
6	39	378.75374030303
6	40	352.984006614786
6	41	389.898932692308
7	8	249.627976266667
7	9	304.679166875
7	10	339.140256456456
7	11	367.485790252708
7	12	372.387681847134
7	13	392.086133502538
7	14	403.597117613636
7	15	392.696871974522
7	16	391.023068051948
7	17	383.164184482759
7	18	393.37853373494
7	19	392.164313411765
7	20	396.075356462585
7	21	391.537728387097
7	22	376.056153689567
7	23	405.06569509434
7	24	412.91686338983
7	25	406.902339093484
7	26	401.399481233244
7	27	407.347784350133
7	28	382.933736042403
7	29	384.462143630573
7	30	388.074744665012
7	31	356.195636785714
7	32	365.553760436137
7	33	366.234044497608
7	34	366.797437386018
7	35	372.730185846154
7	36	360.419407764706
7	37	371.341495508982
7	38	365.375537610619
7	39	375.201815850816
7	40	365.715192238806
7	41	400.64083627451
8	9	215.15343445122
8	10	318.638863344051
8	11	334.035681273408
8	12	332.451868243243
8	13	371.285510803324
8	14	362.759102416918
8	15	364.645038741722
8	16	371.442669230769
8	17	365.103314179104
8	18	371.110036774194
8	19	361.981189203085
8	20	364.978103900709
8	21	353.015288214286
8	22	359.43758700565
8	23	358.984968503937
8	24	373.335796057348
8	25	381.124002453988
8	26	353.966222701149
8	27	382.656658757062
8	28	343.465397849462
8	29	365.071745084746
8	30	372.38408962766
8	31	315.628268679245
8	32	336.001038511327
8	33	344.014333160622
8	34	324.888896141479
8	35	343.707273202614
8	36	338.594590379747
8	37	325.542371604938
8	38	325.936359427208
8	39	354.22872967581
8	40	343.165347272727
8	41	367.653126525199
9	10	276.604325085911
9	11	320.912449115044
9	12	310.868437593985
9	13	359.247735782748
9	14	372.196673943662
9	15	334.323288803089
9	16	360.706268064516
9	17	355.721141777778
9	18	341.042817582418
9	19	358.494852722063
9	20	354.660218723404
9	21	330.793045934959
9	22	346.223498089172
9	23	364.764537837838
9	24	362.898931020408
9	25	380.670505902778
9	26	336.100819805195
9	27	365.90028516129
9	28	332.394215102041
9	29	343.189433948339
9	30	344.659467857143
9	31	333.269964830508
9	32	326.478804059041
9	33	330.662666666667
9	34	332.525443333333
9	35	324.98611011236
9	36	316.245568436578
9	37	320.945027758007
9	38	323.318017073171
9	39	348.915459659091
9	40	339.797869285714
9	41	363.722553731343
10	11	230.375573977695
10	12	297.368502405498
10	13	316.172208719346
10	14	356.709160443038
10	15	321.706257394366
10	16	313.800871681416
10	17	329.324183966245
10	18	320.923519256757
10	19	331.532627034121
10	20	350.623946296296
10	21	339.139319133574
10	22	326.423825655977
10	23	357.480755186722
10	24	349.46302890625
10	25	330.76116835443
10	26	334.587613190184
10	27	332.701143589744
10	28	322.094223684211
10	29	343.260036805556
10	30	312.643777839335
10	31	306.736692910448
10	32	303.863001360544
10	33	304.424657853403
10	34	317.464243333333
10	35	327.832735395189
10	36	301.315216230367
10	37	325.801293290735
10	38	327.15088525
10	39	337.772992084433
10	40	343.173153896104
10	41	376.741975966851
11	12	202.747402973978
11	13	291.803892307692
11	14	302.536467164179
11	15	297.0473236
11	16	318.50113415493
11	17	314.139569194313
11	18	310.782898031496
11	19	318.610984664537
11	20	332.779687391304
11	21	333.296385714286
11	22	350.352149169435
11	23	357.434100938967
11	24	341.717528632479
11	25	332.174089772727
11	26	332.605396415771
11	27	332.591443252595
11	28	306.853562331839
11	29	323.366578969957
11	30	309.899753355705
11	31	279.200642081448
11	32	310.325175502008
11	33	317.123646153846
11	34	307.774988095238
11	35	325.443333606557
11	36	311.8558675
11	37	313.461305384615
11	38	333.627714714715
11	39	351.882339130435
11	40	342.811763670412
11	41	392.531285016287
12	13	248.708634011628
12	14	301.196852364865
12	15	277.039579470199
12	16	315.073211146497
12	17	339.173233613445
12	18	333.074591240876
12	19	334.110023595506
12	20	352.300036679537
12	21	323.194959057971
12	22	348.066789053254
12	23	345.778697154472
12	24	316.82917593985
12	25	343.481206291391
12	26	331.452154402516
12	27	348.189724767802
12	28	313.915375732218
12	29	326.233647037037
12	30	327.792579008746
12	31	292.867082926829
12	32	310.145497491039
12	33	313.840039275766
12	34	328.693757839721
12	35	321.376988850174
12	36	317.187596089385
12	37	343.803035273973
12	38	351.162682198953
12	39	373.252615342466
12	40	378.254626989619
12	41	388.600018390805
13	14	232.654280740741
13	15	307.724601685393
13	16	300.857128019324
13	17	333.087465798046
13	18	344.889827953891
13	19	326.478880449438
13	20	370.8427121875
13	21	359.734310736196
13	22	323.599528537736
13	23	363.303274125874
13	24	357.226896463023
13	25	345.596780263158
13	26	363.759579691517
13	27	342.608870660147
13	28	348.194529605263
13	29	358.997976276276
13	30	334.722307009346
13	31	317.80768
13	32	335.303272173913
13	33	320.308083410138
13	34	342.784383333333
13	35	348.678170434783
13	36	326.052527232143
13	37	354.947138950276
13	38	363.485844373673
13	39	375.639090687361
13	40	383.465027123288
13	41	412.148941882353
14	15	242.792718639053
14	16	290.667992722372
14	17	293.24295234657
14	18	313.792353674121
14	19	336.780310075567
14	20	343.63167414966
14	21	342.165470608108
14	22	341.237079076087
14	23	348.52730515873
14	24	342.273362765957
14	25	348.950984164223
14	26	352.513352586207
14	27	372.010180327869
14	28	333.124032384342
14	29	345.96131442623
14	30	351.543151948052
14	31	323.872708896797
14	32	330.926419496855
14	33	344.193674314214
14	34	345.889815030675
14	35	359.589328840125
14	36	353.895456049383
14	37	353.244127218935
14	38	361.234033411765
14	39	386.132761707317
14	40	379.324644610778
14	41	415.942999222798
15	16	239.990743567251
15	17	278.577935849057
15	18	266.628566006601
15	19	321.951884065934
15	20	327.512049819495
15	21	311.159097902098
15	22	333.589932378224
15	23	330.363604489796
15	24	313.572366791045
15	25	338.118050328947
15	26	323.319909393939
15	27	354.149983667622
15	28	324.349317063492
15	29	326.67952455516
15	30	336.097510511364
15	31	310.427403831418
15	32	320.744326174497
15	33	329.467578787879
15	34	344.189354915254
15	35	329.806697577855
15	36	344.701252645503
15	37	348.873120265781
15	38	346.519174744898
15	39	379.286918617021
15	40	365.086722558923
15	41	401.99706039886
16	17	215.399180573248
16	18	294.73490652819
16	19	321.19655754717
16	20	347.200879801325
16	21	348.76543968254
16	22	330.626267418546
16	23	351.797355514706
16	24	358.208050986842
16	25	341.333993258427
16	26	353.009599457995
16	27	352.099343107769
16	28	340.797107849829
16	29	331.68076572327
16	30	326.346517149758
16	31	324.468237883959
16	32	330.994406764706
16	33	321.360193144208
16	34	340.541480966767
16	35	341.147452279635
16	36	331.90594091954
16	37	348.128786176471
16	38	358.981712168142
16	39	376.295753546911
16	40	369.490794985251
16	41	400.208091826923
17	18	230.09042078853
17	19	308.276898142415
17	20	322.774506639004
17	21	330.953670539419
17	22	322.11985620915
17	23	340.147241545894
17	24	333.709625652174
17	25	333.047327272727
17	26	346.895158947368
17	27	361.675143944637
17	28	327.617592035398
17	29	338.962330081301
17	30	339.92462815534
17	31	320.695479130435
17	32	318.382193774319
17	33	324.316258412698
17	34	325.398370428016
17	35	345.478743076923
17	36	347.780397515528
17	37	344.84144
17	38	363.161972321429
17	39	397.288675379939
17	40	383.320189411765
17	41	411.361679495268
18	19	254.103497429306
18	20	298.844397153025
18	21	275.833396896552
18	22	309.767754571429
18	23	325.614012863071
18	24	319.164544074074
18	25	336.941130744337
18	26	323.246567177914
18	27	353.154377678571
18	28	324.269185214008
18	29	331.060596271186
18	30	320.381410249307
18	31	309.352446899225
18	32	315.24527456446
18	33	324.55857032967
18	34	332.199441638225
18	35	344.649214864865
18	36	338.580102941176
18	37	337.204954340836
18	38	350.142139141414
18	39	371.92172734375
18	40	371.529102547771
18	41	391.695995844875
19	20	236.737033050847
19	21	303.823433524355
19	22	297.000583108108
19	23	330.387
19	24	347.002518902439
19	25	329.020975443038
19	26	327.93348783455
19	27	328.973874252874
19	28	326.095048286604
19	29	328.937945584046
19	30	322.834882969432
19	31	308.8847990625
19	32	319.512898369565
19	33	313.91598641189
19	34	331.510532786885
19	35	349.057948219178
19	36	329.059841322314
19	37	340.816631413613
19	38	350.283226824458
19	39	372.827793223819
19	40	368.742885078534
19	41	397.34763956044
20	21	235.881075704225
20	22	296.501880122324
20	23	303.152925339367
20	24	324.052832258065
20	25	334.876728975265
20	26	316.068924666667
20	27	353.257472611465
20	28	316.358555844156
20	29	323.255373563218
20	30	337.57571570997
20	31	307.040685833333
20	32	309.765595910781
20	33	334.298268373494
20	34	336.069720588235
20	35	341.349192307692
20	36	342.32831849711
20	37	338.718135034014
20	38	348.543285393258
20	39	394.698664347826
20	40	364.263466176471
20	41	407.767263467492
21	22	240.143698575499
21	23	272.211895041322
21	24	267.257750185874
21	25	315.28952192691
21	26	316.503941157556
21	27	360.132707717042
21	28	320.600782051282
21	29	319.312434296029
21	30	335.003224561403
21	31	315.311447410359
21	32	313.049386219081
21	33	326.715075637394
21	34	317.073908127208
21	35	327.307757875458
21	36	339.588919553073
21	37	332.024933447099
21	38	339.185697849462
21	39	375.749099722222
21	40	377.089348611111
21	41	390.350459467456
22	23	222.671149838188
22	24	291.115407575758
22	25	307.454053543307
22	26	325.935470229008
22	27	335.249562406015
22	28	328.233862126246
22	29	329.182368085106
22	30	327.581498831776
22	31	320.366935430464
22	32	321.691798853868
22	33	316.933745701357
22	34	327.316388081395
22	35	335.107328405797
22	36	315.434213495575
22	37	334.833183146067
22	38	339.54109661017
22	39	372.938729039301
22	40	390.935908913649
22	41	412.298392165899
23	24	204.083382061069
23	25	294.500808550186
23	26	313.389015636364
23	27	360.805756272401
23	28	327.763330222222
23	29	320.437209205021
23	30	356.252042760943
23	31	317.321376036866
23	32	327.308758847737
23	33	332.647539215686
23	34	328.812592094862
23	35	331.673468292683
23	36	339.488319805195
23	37	324.391311698113
23	38	356.64741510574
23	39	373.8666203125
23	40	368.411217870722
23	41	400.217960535117
24	25	269.665987741936
24	26	300.298905128205
24	27	341.767641082803
24	28	314.19906375
24	29	321.913941911765
24	30	360.999156626506
24	31	315.287901209677
24	32	320.047023508772
24	33	320.249117378049
24	34	323.802298141264
24	35	327.912297026022
24	36	342.207190615836
24	37	338.797690545455
24	38	349.898658448753
24	39	379.833544314869
24	40	379.862263571429
24	41	401.556184756098
25	26	308.979489635854
25	27	327.752743902439
25	28	322.778649446494
25	29	334.308165084746
25	30	330.025272081218
25	31	319.083337318841
25	32	335.604137060703
25	33	314.674859854015
25	34	333.503099339934
25	35	351.473708940397
25	36	327.034201237624
25	37	347.779457453416
25	38	344.366663443396
25	39	380.467118932039
25	40	383.668630625
25	41	407.791747326203
26	27	278.460309278351
26	28	277.710343055556
26	29	289.347249390244
26	30	327.108174193548
26	31	302.56429122807
26	32	295.375887387387
26	33	319.589967901235
26	34	319.343868553459
26	35	317.475384146341
26	36	332.901451300236
26	37	328.898362908012
26	38	329.985084459459
26	39	359.878671764706
26	40	348.210186186186
26	41	385.201815538847
27	28	222.506361829653
27	29	303.355603264095
27	30	314.776523239437
27	31	307.267532890365
27	32	326.317240294118
27	33	328.529376958525
27	34	342.195632448378
27	35	355.077427299703
27	36	333.605858333333
27	37	359.678748414986
27	38	353.538161171367
27	39	374.176302727273
27	40	379.893596306818
27	41	412.96264822695
28	29	197.687161188811
28	30	278.566367412141
28	31	263.181467219917
28	32	284.034458955224
28	33	292.707972468354
28	34	301.565710344828
28	35	310.136843650794
28	36	305.894189846154
28	37	305.004406818182
28	38	331.539643390805
28	39	365.993143333333
28	40	347.921258362989
28	41	392.60998778135
29	30	258.577678116343
29	31	263.731832183908
29	32	248.980905405405
29	33	294.503472928177
29	34	317.097155357143
29	35	316.404613986014
29	36	320.57348487395
29	37	331.985190169492
29	38	338.31912348285
29	39	366.080819293478
29	40	357.964054276316
29	41	383.396692285714
30	31	215.278132743363
30	32	276.948736216216
30	33	300.241837690632
30	34	326.437288826816
30	35	317.776475428571
30	36	308.708141630901
30	37	333.982407923497
30	38	345.605184917355
30	39	359.036451991614
30	40	364.217744444444
30	41	396.74666353211
31	32	206.95388390411
31	33	270.211753395062
31	34	276.030185714286
31	35	279.364401901141
31	36	282.196861746988
31	37	292.676689811321
31	38	303.395647398844
31	39	331.52974672619
31	40	318.684932727273
31	41	352.812923492063
32	33	224.115879581152
32	34	270.609924025974
32	35	251.056792138365
32	36	292.472616971279
32	37	306.278819480519
32	38	314.560278085642
32	39	349.156282585752
32	40	341.30594031746
32	41	360.622276566757
33	34	221.710281315789
33	35	272.939117032967
33	36	293.723410123967
33	37	303.113639686684
33	38	322.656655864811
33	39	345.344583917526
33	40	351.146801570681
33	41	371.961170614035
34	35	213.737475617284
34	36	295.093154973822
34	37	282.91165488959
34	38	296.88824625
34	39	332.708678328982
34	40	335.284718095238
34	41	362.19089863388
35	36	259.236579373368
35	37	299.259274679487
35	38	303.170775
35	39	338.987291733333
35	40	337.882081578947
35	41	356.964665591398
36	37	248.080230150754
36	38	312.538933463035
36	39	340.315311491935
36	40	348.771492746114
36	41	376.592256745182
37	38	253.533160240964
37	39	342.78635764411
37	40	318.953317878788
37	41	352.243381770833
38	39	259.207963825758
38	40	295.166554176611
38	41	304.536811752988
39	40	240.02926210269
39	41	303.883283438155
40	41	226.708411363636
