chr	start	end	pos
3	34600000	34605000	1
3	34605000	34610000	2
3	34610000	34615000	3
3	34615000	34620000	4
3	34620000	34625000	5
3	34625000	34630000	6
3	34630000	34635000	7
3	34635000	34640000	8
3	34640000	34645000	9
3	34645000	34650000	10
3	34650000	34655000	11
3	34655000	34660000	12
3	34660000	34665000	13
3	34665000	34670000	14
3	34670000	34675000	15
3	34675000	34680000	16
3	34680000	34685000	17
3	34685000	34690000	18
3	34690000	34695000	19
3	34695000	34700000	20
3	34700000	34705000	21
3	34705000	34710000	22
3	34710000	34715000	23
3	34715000	34720000	24
3	34720000	34725000	25
3	34725000	34730000	26
3	34730000	34735000	27
3	34735000	34740000	28
3	34740000	34745000	29
3	34745000	34750000	30
3	34750000	34755000	31
3	34755000	34760000	32
3	34760000	34765000	33
3	34765000	34770000	34
3	34770000	34775000	35
3	34775000	34780000	36
3	34780000	34785000	37
3	34785000	34790000	38
3	34790000	34795000	39
3	34795000	34800000	40
3	34800000	34805000	41
