chr1	x1	x2	chr2	y1	y2	bin1	bin2	end1	end2	out.mean	contact.freq	num.circle	case	ctrl	t.stat	t.pval	wilcox.stat	wilcox.pval	t.fdr	wilcox.fdr
3	34620000	34625000	3	34755000	34760000	5	32	34620000	34755000	379.9058	0.4905	190	379.9058	412.0536	-4.3119	1.7647630480504016e-05	-7.1592	8.112717997294842e-13	5.673891016316773e-05	2.8504144314819718e-12
3	34620000	34625000	3	34760000	34765000	5	33	34620000	34760000	398.8049	0.4677	175	398.8049	412.8394	-1.874	0.061165009534207865	-5.4071	6.406662360831567e-08	0.09245873534240724	1.518904754239703e-07
3	34625000	34630000	3	34750000	34755000	6	31	34625000	34750000	388.3599	0.4764	215	388.3599	407.8567	-2.6633	0.007852916508775225	-6.2958	3.0587528707680347e-10	0.014903345199135463	8.771423673525983e-10
3	34625000	34630000	3	34765000	34770000	6	34	34625000	34765000	379.558	0.5019	167	379.558	403.9156	-3.1662	0.0015901565798941578	-6.7606	1.3739207335517918e-11	0.0036055875939460555	4.3038480810056134e-11
3	34630000	34635000	3	34755000	34760000	7	32	34630000	34755000	389.3572	0.4982	219	389.3572	406.9226	-2.2201	0.026626770772372157	-7.0072	2.431418496528673e-12	0.04381620506846051	8.139512563486545e-12
3	34630000	34635000	3	34765000	34770000	7	34	34630000	34765000	388.4496	0.5154	185	388.4496	405.2917	-2.0373	0.04189268343115647	-7.1016	1.233303112769908e-12	0.06601271328545869	4.219194859476001e-12
3	34635000	34640000	3	34740000	34745000	8	29	34635000	34740000	378.1614	0.5335	257	378.1614	400.5085	-2.9106	0.0036868635475847877	-8.0361	9.277533524514128e-16	0.007607813669619403	4.065436038832034e-15
3	34635000	34640000	3	34745000	34750000	8	30	34635000	34745000	374.9441	0.5243	257	374.9441	403.1294	-3.8144	0.00014377665189118494	-9.0387	1.584741068341778e-19	0.0003934939946495588	9.022613381799904e-19
3	34635000	34640000	3	34750000	34755000	8	31	34635000	34750000	372.8858	0.5341	257	372.8858	404.3973	-3.9878	7.140644957296459e-05	-8.8399	9.579151788772123e-19	0.00020705215861305717	5.117629037837162e-18
3	34635000	34640000	3	34755000	34760000	8	32	34635000	34755000	358.544	0.5817	239	358.544	404.6347	-6.3745	2.721248965871143e-10	-11.4241	3.1686181744648985e-30	1.895155529803118e-09	2.8085479273666145e-29
3	34635000	34640000	3	34760000	34765000	8	33	34635000	34760000	375.3427	0.5093	221	375.3427	405.1332	-4.102	4.375913849817586e-05	-8.7915	1.476156809349825e-18	0.0001328098366870707	7.727532290556131e-18
3	34635000	34640000	3	34765000	34770000	8	34	34635000	34765000	368.6009	0.5404	203	368.6009	403.4751	-4.3119	1.786120313540453e-05	-9.0389	1.5831811109325668e-19	5.709728871153908e-05	9.022613381799904e-19
3	34635000	34640000	3	34770000	34775000	8	35	34635000	34770000	365.4531	0.5443	185	365.4531	402.3503	-4.9054	1.0811140054205775e-06	-9.8748	5.353862897206508e-23	4.174598634792329e-06	3.600011258466445e-22
3	34635000	34640000	3	34775000	34780000	8	36	34635000	34775000	384.0533	0.4898	167	384.0533	399.306	-2.0533	0.04026868467324413	-6.1816	6.343716212272317e-10	0.063582133694596	1.7608891977126004e-09
3	34635000	34640000	3	34785000	34790000	8	38	34635000	34785000	378.2514	0.5209	153	378.2514	397.0437	-2.5814	0.009965471160618768	-6.5694	5.0526311443281976e-11	0.018246637336344226	1.5334833823252895e-10
3	34640000	34645000	3	34740000	34745000	9	29	34640000	34740000	364.6798	0.5569	277	364.6798	398.7926	-4.3927	1.2476045854765156e-05	-9.0916	9.759461395011702e-20	4.140985432645456e-05	5.638799917117872e-19
3	34640000	34645000	3	34745000	34750000	9	30	34640000	34745000	350.1386	0.5767	278	350.1386	400.8666	-7.176	1.3091911833302898e-12	-11.9076	1.0809012608474566e-32	1.2607026209847234e-11	1.0672189664063495e-31
3	34640000	34645000	3	34750000	34755000	9	31	34640000	34750000	345.7457	0.5848	278	345.7457	402.5131	-7.8984	7.389373236799765e-15	-12.1879	3.604017698198659e-34	8.353204528556255e-14	3.65082312285059e-33
3	34640000	34645000	3	34755000	34760000	9	32	34640000	34755000	348.7785	0.5783	259	348.7785	403.2245	-7.3845	3.219492799801014e-13	-12.1944	3.330070400828985e-34	3.219492799801014e-12	3.4177038324297476e-33
3	34640000	34645000	3	34760000	34765000	9	33	34640000	34760000	358.6786	0.5425	240	358.6786	404.0292	-6.44	1.7650367229207423e-10	-10.6253	2.2723087585448035e-26	1.286662283998298e-09	1.7376478741813202e-25
3	34640000	34645000	3	34765000	34770000	9	34	34640000	34765000	345.2835	0.5816	221	345.2835	402.7326	-7.6686	4.425551794536637e-14	-12.0599	1.7204871555020864e-33	4.794347777414689e-13	1.7204871555020862e-32
3	34640000	34645000	3	34770000	34775000	9	35	34640000	34770000	354.4379	0.5733	202	354.4379	402.0828	-6.3363	3.5766337212075833e-10	-10.4261	1.88438750500242e-25	2.404977847018892e-09	1.4270118969921238e-24
3	34640000	34645000	3	34775000	34780000	9	36	34640000	34775000	367.3709	0.5361	183	367.3709	399.9936	-4.4749	8.456175723555126e-06	-8.9925	2.4165547912882516e-19	2.892902221216227e-05	1.3463662408605974e-18
3	34640000	34645000	3	34780000	34785000	9	37	34640000	34780000	364.9112	0.5215	175	364.9112	398.9295	-4.4832	8.230538069869233e-06	-8.4095	4.1177184171197224e-17	2.8281144028625556e-05	2.0200128083983544e-16
3	34640000	34645000	3	34785000	34790000	9	38	34640000	34785000	371.6718	0.5203	167	371.6718	397.7709	-3.3962	0.0007095364753562304	-7.7206	1.1574227794531328e-14	0.0016976639594412873	4.7266479998609617e-14
3	34640000	34645000	3	34795000	34800000	9	40	34640000	34795000	375.4032	0.5256	151	375.4032	397.6291	-2.8448	0.004536504772569294	-6.8284	8.589566146244669e-12	0.009167030369440542	2.7800255577057434e-11
3	34640000	34645000	3	34800000	34805000	9	41	34640000	34800000	379.1803	0.5101	143	379.1803	397.9863	-2.3938	0.016860659325732913	-6.0165	1.7827018626524726e-09	0.02903159883901031	4.811444473594909e-09
3	34645000	34650000	3	34745000	34750000	10	30	34645000	34745000	337.9906	0.6166	298	337.9906	399.47	-6.6224	7.881833841551003e-11	-11.2496	2.3261895127099872e-29	5.855076568009316e-10	1.993876725179989e-28
3	34645000	34650000	3	34750000	34755000	10	31	34645000	34750000	318.8635	0.6418	299	318.8635	400.7214	-9.0645	2.104499578730001e-18	-13.5916	4.489452913534864e-42	3.1567493680950015e-17	6.253166558137847e-41
3	34645000	34650000	3	34755000	34760000	10	32	34645000	34755000	322.6534	0.642	279	322.6534	401.9383	-8.9943	3.2913517047094695e-18	-13.3172	1.839402384908593e-40	4.8438760937233703e-17	2.4317523054723773e-39
3	34645000	34650000	3	34760000	34765000	10	33	34645000	34760000	345.4449	0.6069	259	345.4449	402.6536	-6.1401	1.4954249254610257e-09	-10.9013	1.1358518932338355e-27	9.042104200462016e-09	9.040453844106038e-27
3	34645000	34650000	3	34765000	34770000	10	34	34645000	34765000	326.7952	0.6362	239	326.7952	401.6327	-8.2893	9.296886313121644e-16	-12.5439	4.295781774577098e-36	1.1330580194117004e-14	4.7193095551692064e-35
3	34645000	34650000	3	34770000	34775000	10	35	34645000	34770000	328.7373	0.6159	219	328.7373	401.3427	-8.1698	2.0551817547783684e-15	-11.7686	5.662936989498484e-32	2.392599654816608e-14	5.258441490248591e-31
3	34645000	34650000	3	34775000	34780000	10	36	34645000	34775000	367.9988	0.5519	199	367.9988	399.6493	-3.236	0.0012805855281594028	-7.5891	3.220749274358552e-14	0.002946479976295971	1.2624042381907893e-13
3	34645000	34650000	3	34780000	34785000	10	37	34645000	34780000	349.605	0.5913	190	349.605	398.643	-5.2188	2.5860547251314473e-07	-9.623	6.394151090534418e-22	1.133214991911533e-06	4.088063811981021e-21
3	34645000	34650000	3	34785000	34790000	10	38	34645000	34785000	333.7321	0.6049	181	333.7321	397.8313	-7.2516	1.3406599322701023e-12	-11.3106	1.1632762553888484e-29	1.275261886793512e-11	1.0081727546703352e-28
3	34645000	34650000	3	34790000	34795000	10	39	34645000	34790000	372.7195	0.5386	172	372.7195	397.1188	-2.4207	0.015791990062782545	-7.0268	2.1124868601956204e-12	0.027618278585135395	7.102326512726655e-12
3	34645000	34650000	3	34795000	34800000	10	40	34645000	34795000	352.865	0.5957	163	352.865	397.7892	-4.6818	3.5996690532312314e-06	-9.2983	1.4266495552613312e-20	1.3120289072525048e-05	8.43020191745332e-20
3	34645000	34650000	3	34800000	34805000	10	41	34645000	34800000	364.5246	0.5481	154	364.5246	398.3496	-3.6809	0.00025445407571954314	-8.0125	1.124149704451054e-15	0.0006660207351048445	4.898529438390068e-15
3	34650000	34655000	3	34750000	34755000	11	31	34650000	34750000	324.8111	0.6446	319	324.8111	399.2885	-7.5002	2.5081147573692625e-13	-12.9832	1.5235302575062284e-38	2.5741177773000325e-12	1.828236309007474e-37
3	34650000	34655000	3	34755000	34760000	11	32	34650000	34755000	317.3872	0.6634	299	317.3872	400.4311	-9.8972	1.6519056260749559e-21	-14.0893	4.418075612158711e-45	2.9964799728801524e-20	7.032855056089377e-44
3	34650000	34655000	3	34760000	34765000	11	33	34650000	34760000	338.6624	0.6167	278	338.6624	401.611	-7.1907	1.8279705629093214e-12	-12.3126	7.746760253445794e-35	1.7178518543003262e-11	8.165504050929351e-34
3	34650000	34655000	3	34765000	34770000	11	34	34650000	34765000	328.1901	0.6226	257	328.1901	400.6438	-7.7315	5.272562523923503e-14	-11.8169	3.1935410775459585e-32	5.557565903595044e-13	3.0752617783775897e-31
3	34650000	34655000	3	34770000	34775000	11	35	34650000	34770000	326.9586	0.6278	236	326.9586	400.7497	-8.2886	8.251762499817191e-16	-12.8215	1.2424356347381614e-37	1.0216467856916522e-14	1.4683330228723725e-36
3	34650000	34655000	3	34775000	34780000	11	36	34650000	34775000	361.6673	0.5706	215	361.6673	399.0769	-4.0571	5.6188156523838065e-05	-8.726	2.638127282521439e-18	0.0001672777178953958	1.3627412452759752e-17
3	34650000	34655000	3	34780000	34785000	11	37	34650000	34780000	375.5804	0.5272	205	375.5804	397.8324	-2.2955	0.022081562399225447	-6.211	5.263950317048973e-10	0.03684595721248066	1.4716420241212181e-09
3	34650000	34655000	3	34785000	34790000	11	38	34650000	34785000	357.2155	0.5988	195	357.2155	397.0877	-4.3434	1.6554687970584555e-05	-9.1383	6.345448268032108e-20	5.38027359043998e-05	3.6936191410933164e-19
3	34650000	34655000	3	34790000	34795000	11	39	34650000	34790000	362.8295	0.5475	185	362.8295	396.4266	-3.6929	0.00024159724588621582	-7.7419	9.79673010053337e-15	0.0006366413911866498	4.0646007863915046e-14
3	34650000	34655000	3	34795000	34800000	11	40	34650000	34795000	373.4955	0.53	175	373.4955	396.9969	-2.4052	0.016494320425932612	-6.3152	2.6983131350216896e-10	0.028653830584025475	7.766362528844716e-10
3	34650000	34655000	3	34800000	34805000	11	41	34650000	34800000	376.6226	0.521	165	376.6226	397.6813	-2.2739	0.02333282669185601	-5.7576	8.532777546074608e-09	0.03880512754722322	2.2111516564578718e-08
3	34655000	34660000	3	34755000	34760000	12	32	34655000	34755000	319.1905	0.6398	298	319.1905	394.7239	-8.4632	1.950127016057478e-16	-13.0717	4.776184024677532e-39	2.4936050369259554e-15	5.820974280075742e-38
3	34655000	34660000	3	34760000	34765000	12	33	34655000	34760000	329.5393	0.6383	278	329.5393	395.5794	-7.5742	1.253061888443423e-13	-12.8152	1.347619364332662e-37	1.3031843639811598e-12	1.5688703047454873e-36
3	34655000	34660000	3	34765000	34770000	12	34	34655000	34765000	309.7859	0.6653	257	309.7859	395.1538	-9.941	1.5078502679752542e-21	-13.9357	3.845945350258965e-44	2.800293354811186e-20	5.768918025388447e-43
3	34655000	34660000	3	34770000	34775000	12	35	34655000	34770000	344.5613	0.5952	236	344.5613	395.2502	-5.2718	1.916587146662385e-07	-10.0778	6.928301309144607e-24	8.641259967610754e-07	5.050537402927844e-23
3	34655000	34660000	3	34775000	34780000	12	36	34655000	34775000	359.204	0.552	215	359.204	393.6928	-3.6475	0.0002871892418772982	-8.1978	2.44783730606966e-16	0.0007491893266364301	1.1364958921037707e-15
3	34655000	34660000	3	34780000	34785000	12	37	34655000	34780000	360.7104	0.5755	205	360.7104	392.5224	-3.3776	0.0007818318387265777	-8.2509	1.572631268542823e-16	0.00184796616426282	7.479587740630499e-16
3	34655000	34660000	3	34785000	34790000	12	38	34655000	34785000	356.6659	0.5541	195	356.6659	391.8452	-3.6367	0.0003003171102200343	-7.6988	1.3732496280347639e-14	0.0007808244865720891	5.5213129374593596e-14
3	34655000	34660000	3	34790000	34795000	12	39	34655000	34790000	358.2546	0.5736	185	358.2546	391.1902	-3.5943	0.000351032244387567	-8.4802	2.2478392544582394e-17	0.0008889777617607217	1.13117072159834e-16
3	34655000	34660000	3	34795000	34800000	12	40	34655000	34795000	361.9194	0.5396	175	361.9194	391.9995	-3.1896	0.001503497382871948	-6.8751	6.195949552062774e-12	0.0034290291188307587	2.0306053153819174e-11
3	34660000	34665000	3	34760000	34765000	13	33	34660000	34760000	350.274	0.5786	277	350.274	392.2431	-2.4155	0.016809719033973086	-5.3782	7.524971247719395e-08	0.02903159883901031	1.7626058778441826e-07
3	34660000	34665000	3	34765000	34770000	13	34	34660000	34765000	336.0786	0.5942	257	336.0786	391.6842	-3.3719	0.000960132720727388	-5.6204	1.9055653013108927e-08	0.002242226114273541	4.794648177491924e-08
